1518 5
1853
5787 18
6122
6720 20
8043
10202 27
10537
11747 31
12909
15682 40
16017
17219 44
17309
17606 45
17657
17956 46
18026
20793 55
21128
22330 59
23342
26092 68
26427
27638 72
27703
28308 74
29482
29783 75
31745
32046 76
34160
37496 87
37831
38431 89
39646
39944 90
41009
43148 97
43483
44685 101
45123
47869 110
48204
49410 114
788729
791477 123
791812
793030 127
797998
800745 136
801080
802298 140
802355
802659 141
803874
806634 150
806969
808190 154
809405
809711 155
809776
810381 157
836201
